8
Tip0	0.000000000000	0.355381570794	0.162909536608	0.673800282164	0.464708596706	0.846067073890	1.186651944571	0.059533211982
Tip1	0.355381570794	0.000000000000	0.239317661746	0.415010437156	0.205918751697	0.587277228882	0.927862099562	0.347375232261
Tip2	0.162909536608	0.239317661746	0.000000000000	0.557736373116	0.348644687658	0.730003164842	1.070588035523	0.154903198075
Tip3	0.673800282164	0.415010437156	0.557736373116	0.000000000000	0.258256851140	0.421479987936	0.762064858616	0.665793943632
Tip4	0.464708596706	0.205918751697	0.348644687658	0.258256851140	0.000000000000	0.430523642866	0.771108513546	0.456702258173
Tip5	0.846067073890	0.587277228882	0.730003164842	0.421479987936	0.430523642866	0.000000000000	0.365999738238	0.838060735358
Tip6	1.186651944571	0.927862099562	1.070588035523	0.762064858616	0.771108513546	0.365999738238	0.000000000000	1.178645606038
Tip7	0.059533211982	0.347375232261	0.154903198075	0.665793943632	0.456702258173	0.838060735358	1.178645606038	0.000000000000
