128
Tip0	0.000000000000	1.431469263372	0.734119781084	1.152725839720	1.318716910578	1.829085353094	1.109180207715	1.592335122071	1.584955179648	1.866722720153	0.936280833883	2.114192915524	1.711673238030	1.354326724547	2.130601260013	1.623989317569	2.224010024316	2.444887114131	1.108036799961	1.642786330877	2.231849424664	1.685466554965	1.496268958253	1.225377624415	0.836404907697	2.083168398281	0.814565459913	1.119949450131	0.983836161052	1.344718700504	1.234894615593	0.395137882351	0.902401336801	0.365289558659	0.713879876685	1.606608263314	0.912781439155	1.852623003959	1.956197360476	1.059833268500	1.035282364872	1.047227949023	1.194473450214	1.908150536344	1.333762289844	0.934619201973	0.994321027738	1.691786292277	1.010107770758	1.108313477176	1.365382468175	1.538508834970	1.591186743396	0.596531842296	1.846193208296	0.970420255569	0.546035764135	1.389071698499	1.611249213411	1.045724075296	0.760417207194	0.390897724213	1.228746827807	1.191885182705	1.415437202089	1.234428066496	1.396310876724	1.071516311953	1.175017764028	1.345898701651	1.858088731223	0.851592076007	1.964412354419	2.506235520468	1.529160258927	1.104302713026	0.579025570296	1.775302526327	1.803326126139	1.426789485706	0.987791554681	1.513469898942	1.359695968414	2.123624284756	1.728580234666	1.134476278099	0.923777969313	1.028699351446	1.896348015106	1.123752869057	0.863848371707	1.943634346496	1.284594948035	1.221280556178	1.228988930665	0.999227358872	1.782329168799	1.756973426546	2.071294999094	1.040412988235	2.116540542807	1.882999328661	1.814108713752	1.164461971967	1.571245751931	1.182136649589	1.764806991339	1.854305386131	1.664984501617	1.212676077311	1.080007212334	1.775788457065	1.749572404996	1.320245825673	1.586767233890	0.933044928970	1.084502472259	1.010235727827	1.879245180148	1.917914099305	1.146531841098	1.052705713816	1.530658316052	2.005214008759	1.034352723737	0.469358849884	1.346632215768	1.190586739426
Tip1	1.431469263372	0.000000000000	1.429113110726	1.295618547695	0.882101746824	1.425346195782	1.252072915690	1.082835863693	1.727847887623	1.462983562841	1.079173541859	1.710453758212	1.307934080718	0.917711560792	1.726862102700	1.220250160256	1.820270867004	2.041147956819	1.803030129604	1.239047173565	1.828110267352	1.175967296588	0.986769699875	1.368270332391	0.979297615673	1.679429240969	0.957458167888	1.051408262965	0.915294973886	0.940979543192	1.377787323568	1.287515978678	0.833860149635	1.223049372986	0.856772584661	1.202869106002	0.844240251989	1.448883846646	1.446698102099	0.991292081335	0.966741177707	1.190120656999	0.757858286460	1.504411379032	0.897147126090	1.629612531616	1.137213735713	1.288047134965	0.941566583593	1.039772290011	0.961643310863	1.134769677658	1.187447586084	1.291525171939	1.336693949919	0.901879068403	1.241029093777	0.952456534745	1.101749955033	1.188616783272	1.455410536836	1.283275820541	0.825007670494	1.334777890680	0.905937943711	0.289491298403	2.091304206367	1.002975124787	1.106476576862	1.277357514485	1.348589472846	1.546585405649	1.560673197107	2.102496363156	1.019661000550	1.035761525861	1.274018899939	1.371563369015	1.399586968826	1.358248298540	1.130684262656	1.656362606918	0.923080804660	1.719885127444	1.324841077354	1.277368986075	1.066670677289	0.960158164281	1.386848756728	1.266645577033	1.558841701350	1.539895189184	0.847979784281	1.364173264153	1.371881638640	1.142120066848	1.272829910421	1.353234269234	1.667555841782	0.971871801069	1.712801385495	1.479260171349	1.410369556440	1.095920784802	1.061746493554	1.113595462423	1.361067834027	1.450566228819	1.155485243239	1.355568785287	1.775000541976	1.266289198688	1.240073146619	2.015239155316	1.183028076578	1.075937636945	1.015961285094	0.941694540661	1.475506022836	1.514174941992	0.742792683786	1.747699043458	1.021159057674	1.601474851447	1.729346053380	1.164352179526	0.942893058456	1.122045552260
Tip10	0.734119781084	1.429113110726	0.000000000000	1.150369687075	1.316360757933	1.826729200449	1.106824055070	1.589978969425	1.582599027002	1.864366567508	0.933924681238	2.111836762879	1.709317085385	1.351970571901	2.128245107367	1.621633164923	2.221653871671	2.442530961485	1.041808051459	1.640430178231	2.229493272019	1.683110402320	1.493912805607	1.223021471770	0.834048755052	2.080812245636	0.812209307267	1.117593297486	0.981480008407	1.342362547859	1.232538462948	0.590166496390	0.900045184155	0.525699890698	0.711523724040	1.604252110669	0.910425286509	1.850266851313	1.953841207831	1.057477115855	1.032926212227	1.044871796378	1.192117297569	1.905794383699	1.331406137199	0.868390453471	0.991964875092	1.689430139632	1.007751618113	1.105957324531	1.363026315530	1.536152682325	1.588830590751	0.506899076772	1.843837055651	0.968064102924	0.479807015632	1.386715545854	1.608893060765	1.043367922651	0.694188458692	0.585926338253	1.226390675161	1.189529030059	1.413081049444	1.232071913851	1.330082128222	1.069160159307	1.172661611383	1.343542549006	1.855732578578	0.785363327505	1.962056201774	2.503879367823	1.526804106282	1.101946560381	0.442621927805	1.772946373682	1.800969973493	1.424433333060	0.985435402035	1.511113746297	1.357339815769	2.121268132110	1.726224082020	1.132120125454	0.921421816668	1.026343198801	1.893991862461	1.121396716412	0.797619623205	1.941278193851	1.282238795390	1.218924403532	1.226632778019	0.996871206227	1.779973016153	1.754617273901	2.068938846448	1.038056835589	2.114184390162	1.880643176016	1.811752561107	1.162105819322	1.568889599286	1.179780496943	1.762450838694	1.851949233486	1.662628348971	1.210319924666	1.013778463831	1.773432304420	1.747216252351	1.254017077171	1.584411081245	0.930688776325	1.082146319614	1.007879575181	1.876889027503	1.915557946659	1.144175688453	0.986476965313	1.528302163407	2.002857856114	0.968123975235	0.311400627874	1.344276063123	1.188230586781
Tip100	1.152725839720	1.295618547695	1.150369687075	0.000000000000	1.182866194902	1.693234637418	0.177569256363	1.456484406395	0.453955095277	1.730872004477	0.496973207576	1.978342199848	1.575822522354	1.218476008870	1.994750544337	1.488138601893	2.088159308640	2.309036398455	1.524286705953	1.506935615201	2.095998708988	1.549615839289	1.360418242577	0.293766673063	0.641621780114	1.947317682605	0.619782332329	0.984098734455	0.847985445376	1.208867984828	0.303283664241	1.008772555026	0.766550621125	0.944305949335	0.477708119708	1.470757547638	0.776930723479	1.716772288283	1.820346644800	0.923982552824	0.899431649196	0.607920322716	1.058622734538	1.772299820668	1.197911574168	1.350869107964	0.331674993469	1.555935576601	0.874257055082	0.972462761500	1.229531752499	1.402658119294	1.455336027720	1.012781748287	1.710342492620	0.834569539893	0.962285670126	1.253220982823	1.475398497735	0.383078041028	1.176667113185	1.004532396889	1.092896112131	0.449976415629	1.279586486413	1.098577350820	1.812560782715	0.935665596276	1.039167048352	1.210047985975	1.722238015547	1.267841981998	1.828561638743	2.370384804792	1.393309543251	0.968451997350	0.995275476287	1.639451810651	1.667475410463	1.290938770030	0.189159734085	0.771561131867	1.223845252738	1.987773569080	1.592729518990	0.202865326747	0.484470343006	0.892848635770	1.760497299430	0.158345098984	1.280098277698	1.807783630820	1.148744232359	0.289669604825	0.297377979312	0.218372808319	1.646478453123	1.621122710870	1.935444283418	0.904562272559	1.980689827131	1.747148612985	1.678257998076	1.028611256291	1.435395036255	1.046285933913	1.628956275663	1.718454670455	1.529133785941	0.281065125959	1.496257118325	1.639937741389	1.613721689320	1.736495731664	1.450916518214	0.493737302663	0.948651756583	0.874385012151	1.743394464472	1.782063383629	1.010681125422	1.468955619807	1.394807600376	1.869363293083	1.450602629729	0.885608755875	1.210781500092	1.054736023750
Tip101	1.318716910578	0.882101746824	1.316360757933	1.182866194902	0.000000000000	1.312593842989	1.139320562897	1.042967605523	1.615095534830	1.350231210048	0.966421189066	1.597701405419	1.195181727925	0.073276334228	1.614109749907	1.107497807463	1.707518514211	1.928395604026	1.690277776811	1.126294820772	1.715357914559	1.136099038418	0.946901441705	1.255517979598	0.866545262880	1.566676888176	0.844705815095	0.938655910172	0.802542621093	0.828227190399	1.265034970775	1.174763625885	0.721107796842	1.110297020193	0.744020231868	1.090116753209	0.731487899196	1.336131493853	1.406829843929	0.878539728542	0.853988824914	1.077368304206	0.514103066535	1.391659026239	0.653391906165	1.516860178823	1.024461382920	1.175294782172	0.828814230800	0.927019937218	0.848890958070	1.022017324865	1.074695233291	1.178772819145	1.296825691749	0.789126715610	1.128276740984	0.184058201606	1.061881696863	1.075864430479	1.342658184043	1.170523467748	0.712255317701	1.222025537887	0.866069685542	0.685060549949	1.978551853574	0.890222771994	0.993724224069	1.164605161692	1.308721214676	1.433833052856	1.447920844314	1.989744010363	0.979792742380	0.923009173068	1.161266547146	1.258811016222	1.286834616033	1.245495945747	1.017931909863	1.543610254125	0.679325584735	1.607132774651	1.212088724561	1.164616633282	0.953918324496	0.847405811488	1.346980498559	1.153893224240	1.446089348557	1.427142836391	0.079581451142	1.251420911360	1.259129285847	1.029367714055	1.232961652251	1.240481916441	1.554803488988	0.859119448276	1.600049032702	1.366507818556	1.297617203647	0.983168432009	1.021878235384	1.000843109630	1.248315481234	1.337813876026	1.115616985070	1.242816432494	1.662248189183	1.226420940518	1.200204888449	1.902486802523	1.070275723785	0.963185284152	0.903208932301	0.828942187868	1.362753670043	1.401422589199	0.630040330993	1.634946690665	0.981290799505	1.488722498654	1.616593700587	1.051599826733	0.830140705663	1.009293199467
Tip102	1.829085353094	1.425346195782	1.826729200449	1.693234637418	1.312593842989	0.000000000000	1.649689005413	1.586212054481	2.125463977346	0.808051788143	1.476789631581	0.339018230373	1.439469558513	1.348203656957	0.549049961536	1.351785638052	0.642458725839	0.863335815654	2.200646219327	1.370582651360	0.456674739513	1.679343487376	1.490145890663	1.765886422114	1.376913705396	0.307993713130	1.355074257611	1.449024352688	1.312911063609	1.072515020987	1.775403413291	1.685132068401	1.231476239358	1.620665462709	1.254388674383	0.547937331304	1.241856341712	0.234388510018	1.950074292887	1.388908171058	1.364357267430	1.587736746721	1.188350382625	0.849479604335	1.327639222255	2.027228621339	1.534829825436	0.633115360268	1.339182673316	1.437388379734	1.093178788658	1.048169815064	1.318983063879	1.689141261661	1.840070140707	1.299495158126	1.638645183500	1.382948630910	1.605126145821	1.586232872995	1.853026626559	1.680891910264	0.956543148290	1.732393980403	1.409314134500	1.228304998907	2.488920296090	1.400591214510	1.504092666585	1.674973604208	1.851965663634	1.944201495372	0.382861055942	0.924684221991	1.523037191338	1.433377615583	1.671634989662	0.716631594317	1.531122446622	1.755864388263	1.528300352379	2.053978696640	1.353572900825	0.542072986279	0.669909302656	1.674985075798	1.464286767012	1.357774254004	1.890224947517	1.664261666756	1.956457791073	0.362083048019	1.278471880446	1.761789353876	1.769497728363	1.539736156570	1.776206101209	0.175422128069	1.012624067084	1.369487890792	0.341365857655	0.301448030184	1.541905034235	1.493536874525	1.565122684342	1.511211552146	0.076672133395	0.272754087654	1.658861434027	1.753184875009	2.172616631699	1.769665389476	1.743449337407	2.412855245039	1.314563554373	1.473553726668	1.413577374817	1.339310630384	0.297693881671	0.336362800828	0.874328161581	2.145315133181	1.524535248463	0.423662710282	2.126962143103	1.561968269249	0.856293195863	1.519661641983
Tip103	1.109180207715	1.252072915690	1.106824055070	0.177569256363	1.139320562897	1.649689005413	0.000000000000	1.412938774389	0.609798596290	1.687326372472	0.453427575571	1.934796567843	1.532276890349	1.174930376865	1.951204912331	1.444592969887	2.044613676635	2.265490766450	1.480741073947	1.463389983196	2.052453076983	1.506070207284	1.316872610571	0.242808861133	0.598076148109	1.903772050600	0.576236700324	0.940553102450	0.804439813371	1.165322352823	0.130383773174	0.965226923021	0.723004989120	0.900760317329	0.434162487703	1.427211915633	0.733385091473	1.673226656277	1.776801012795	0.880436920819	0.855886017191	0.564374690711	1.015077102533	1.728754188663	1.154365942163	1.307323475959	0.288129361464	1.512389944596	0.830711423077	0.928917129495	1.185986120494	1.359112487289	1.411790395715	0.969236116282	1.666796860615	0.791023907888	0.918740038121	1.209675350818	1.431852865729	0.339532409022	1.133121481180	0.960986764884	1.049350480125	0.406430783624	1.236040854408	1.055031718815	1.769015150710	0.892119964271	0.995621416347	1.166502353970	1.678692383542	1.224296349993	1.785016006738	2.326839172787	1.349763911246	0.924906365345	0.951729844282	1.595906178646	1.623929778457	1.247393138024	0.145614102080	0.728015499861	1.180299620733	1.944227937075	1.549183886985	0.067890275260	0.440924711001	0.849303003765	1.716951667425	0.148596285700	1.236552645693	1.764237998815	1.105198600354	0.238711792895	0.246420167382	0.174827176314	1.602932821117	1.577577078865	1.891898651413	0.861016640554	1.937144195126	1.703602980980	1.634712366071	0.985065624286	1.391849404250	1.002740301908	1.585410643658	1.674909038450	1.485588153935	0.230107314028	1.452711486320	1.596392109384	1.570176057315	1.692950099659	1.407370886209	0.450191670658	0.905106124578	0.830839380145	1.699848832467	1.738517751624	0.967135493417	1.425409987802	1.351261968371	1.825817661078	1.407056997723	0.842063123870	1.167235868087	1.011190391745
Tip104	1.592335122071	1.082835863693	1.589978969425	1.456484406395	1.042967605523	1.586212054481	1.412938774389	0.000000000000	1.888713746322	1.623849421540	1.240039400558	1.871319616911	1.468799939417	1.078577419491	1.887727961399	1.381116018956	1.981136725703	2.202013815518	1.963895988303	1.399913032264	1.988976126051	0.869682650354	0.414426706778	1.529136191090	1.140163474372	1.840295099668	1.118324026587	1.212274121664	1.076160832586	1.101845401891	1.538653182267	1.448381837377	0.994726008334	1.383915231685	1.017638443360	1.363734964701	1.005106110688	1.609749705345	0.874355109002	1.152157940034	1.127607036406	1.350986515698	0.918724145159	1.665277237731	1.058012984789	1.790478390315	1.298079594412	1.448912993664	1.102432442292	1.200638148710	1.122509169562	1.295635536357	1.348313444783	1.452391030638	1.030409303685	1.062744927103	1.401894952476	1.113322393444	0.057382788091	1.349482641971	1.616276395536	1.444141679240	0.985873529193	1.495643749379	0.599653297478	0.885794666818	2.252170065066	1.163840983486	1.267342435561	1.438223373184	0.776246479749	1.707451264349	1.721539055806	2.263362221855	0.713376354316	1.196627384560	1.434884758638	1.532429227714	1.560452827526	1.519114157239	1.291550121355	1.817228465617	1.083946663359	1.880750986143	1.485706936053	1.438234844774	1.227536535988	1.121024022980	0.425079778622	1.427511435732	1.719707560049	1.700761047883	1.008845642980	1.525039122852	1.532747497339	1.302985925547	0.966545264187	1.514100127933	1.828421700481	1.132737659768	1.873667244194	1.640126030048	1.571235415139	1.256786643501	0.755461847320	1.274461321122	1.521933692726	1.611432087518	0.849200597006	1.516434643986	1.935866400675	0.960004552454	0.933788500385	2.176105014015	1.343893935277	1.236803495644	1.176827143793	1.102560399360	1.636371881535	1.675040800692	0.903658542485	1.908564902157	0.448816064578	1.762340710146	1.890211912079	1.325218038225	1.103758917155	1.282911410960
Tip105	1.584955179648	1.727847887623	1.582599027002	0.453955095277	1.615095534830	2.125463977346	0.609798596290	1.888713746322	0.000000000000	2.163101344404	0.929202547503	2.410571539776	2.008051862281	1.650705348798	2.426979884264	1.920367941820	2.520388648568	2.741265738382	1.956516045880	1.939164955128	2.528228048916	1.981845179217	1.792647582504	0.725996012991	1.073851120041	2.379547022533	1.052011672257	1.416328074382	1.280214785304	1.641097324755	0.735513004168	1.441001894954	1.198779961052	1.376535289262	0.909937459636	1.902986887565	1.209160063406	2.149001628210	2.252575984728	1.356211892752	1.331660989124	1.040149662643	1.490852074465	2.204529160596	1.630140914095	1.783098447892	0.763904333396	1.988164916529	1.306486395010	1.404692101428	1.661761092426	1.834887459222	1.887565367648	1.445011088215	2.142571832548	1.266798879821	1.394515010053	1.685450322751	1.907627837662	0.815307380955	1.608896453113	1.436761736817	1.525125452058	0.882205755557	1.711815826340	1.530806690748	2.244790122643	1.367894936204	1.471396388279	1.642277325902	2.154467355475	1.700071321926	2.260790978671	2.802614144720	1.825538883179	1.400681337278	1.427504816215	2.071681150578	2.099704750390	1.723168109957	0.621389074012	1.203790471794	1.656074592666	2.420002909007	2.024958858917	0.635094666675	0.916699682934	1.325077975698	2.192726639357	0.590574438911	1.712327617626	2.240012970748	1.580973572287	0.721898944753	0.729607319240	0.650602148246	2.078707793050	2.053352050798	2.367673623345	1.336791612486	2.412919167058	2.179377952912	2.110487338004	1.460840596219	1.867624376183	1.478515273840	2.061185615591	2.150684010382	1.961363125868	0.713294465887	1.928486458252	2.072167081317	2.045951029248	2.168725071592	1.883145858142	0.925966642590	1.380881096511	1.306614352078	2.175623804400	2.214292723556	1.442910465350	1.901184959734	1.827036940303	2.301592633010	1.882831969656	1.317838095802	1.643010840020	1.486965363678
Tip106	1.866722720153	1.462983562841	1.864366567508	1.730872004477	1.350231210048	0.808051788143	1.687326372472	1.623849421540	2.163101344404	0.000000000000	1.514426998640	1.093159350573	1.477106925572	1.385841024016	1.109567695062	1.389423005110	1.202976459365	1.423853549180	2.238283586386	1.408220018419	1.210815859713	1.716980854435	1.527783257722	1.803523789172	1.414551072454	1.062134833330	1.392711624670	1.486661719747	1.350548430668	1.110152388046	1.813040780350	1.722769435459	1.269113606417	1.658302829768	1.292026041442	0.369611019390	1.279493708771	0.831589439007	1.987711659946	1.426545538116	1.401994634488	1.625374113780	1.225987749683	0.137435029298	1.365276589313	2.064865988397	1.572467192495	0.454789048353	1.376820040374	1.475025746792	1.130816155717	1.085807182123	1.356620430938	1.726778628720	1.877707507766	1.337132525185	1.676282550559	1.420585997968	1.642763512880	1.623870240053	1.890663993618	1.718529277322	0.994180515348	1.770031347462	1.446951501558	1.265942365965	2.526557663148	1.438228581568	1.541730033644	1.712610971267	1.889603030693	1.981838862431	0.943378789468	1.485201955517	1.560674558396	1.471014982642	1.709272356720	0.602060663624	1.568759813680	1.793501755321	1.565937719438	2.091616063699	1.391210267883	1.102590719805	0.555338371963	1.712622442856	1.501924134070	1.395411621062	1.927862314575	1.701899033814	1.994095158131	0.922600781545	1.316109247505	1.799426720934	1.807135095421	1.577373523629	1.813843468268	0.735939861595	0.898053136391	1.407125257851	1.095506977856	0.861965763710	1.579542401294	1.531174241583	1.602760051401	1.548848919205	0.743773426388	0.833271821180	1.696498801086	1.790822242068	2.210253998758	1.807302756535	1.781086704465	2.450492612097	1.352200921432	1.511191093727	1.451214741875	1.376947997442	0.858211615197	0.896880534354	0.911965528640	2.182952500240	1.562172615521	0.984180443808	2.164599510162	1.599605636308	0.893930562921	1.557299009042
Tip107	0.936280833883	1.079173541859	0.933924681238	0.496973207576	0.966421189066	1.476789631581	0.453427575571	1.240039400558	0.929202547503	1.514426998640	0.000000000000	1.761897194011	1.359377516517	1.002031003034	1.778305538500	1.271693596056	1.871714302803	2.092591392618	1.307841700116	1.290490609364	1.879553703151	1.333170833452	1.143973236740	0.569624992271	0.425176774277	1.730872676768	0.403337326492	0.767653728618	0.631540439539	0.992422978991	0.579141983449	0.792327549189	0.550105615288	0.727860943498	0.261263113871	1.254312541801	0.560485717642	1.500327282446	1.603901638963	0.707537546987	0.682986643359	0.379172329116	0.842177728701	1.555854814831	0.981466568331	1.134424102127	0.338568395593	1.339490570764	0.657812049245	0.756017755663	1.013086746662	1.186213113457	1.238891021883	0.796336742450	1.493897486783	0.618124534056	0.745840664289	1.036775976986	1.258953491898	0.389971443152	0.960222107348	0.788087391052	0.876451106294	0.536132550561	1.063141480576	0.882132344983	1.596115776878	0.719220590440	0.822722042515	0.993602980138	1.505793009710	1.051396976161	1.612116632906	2.153939798955	1.176864537414	0.752006991513	0.778830470450	1.423006804814	1.451030404626	1.074493764193	0.332038922537	0.857717266798	1.007400246901	1.771328563243	1.376284513153	0.478723645955	0.218564275907	0.676403629934	1.544052293593	0.468000236913	1.063653271862	1.591338624983	0.932299226522	0.565527924033	0.573236298520	0.343474726728	1.430033447286	1.404677705033	1.718999277581	0.688117266722	1.764244821294	1.530703607148	1.461812992239	0.812166250454	1.218950030418	0.829840928076	1.412511269826	1.502009664618	1.312688780104	0.556923445167	1.279812112488	1.423492735552	1.397276683483	1.520050725827	1.234471512377	0.264989309063	0.732206750746	0.657940006314	1.526949458636	1.565618377792	0.794236119585	1.252510613970	1.178362594539	1.652918287246	1.234157623892	0.669163750038	0.994336494255	0.838291017913
Tip108	2.114192915524	1.710453758212	2.111836762879	1.978342199848	1.597701405419	0.339018230373	1.934796567843	1.871319616911	2.410571539776	1.093159350573	1.761897194011	0.000000000000	1.724577120943	1.633311219387	0.834157523966	1.636893200482	0.927566288269	1.148443378084	2.485753781757	1.655690213790	0.672640103089	1.964451049806	1.775253453093	2.050993984544	1.662021267826	0.187038252546	1.640181820041	1.734131915118	1.598018626039	1.357622583417	2.060510975721	1.970239630831	1.516583801788	1.905773025139	1.539496236813	0.833044893734	1.526963904142	0.519496072448	2.235181855317	1.674015733488	1.649464829860	1.872844309151	1.473457945055	1.134587166765	1.612746784685	2.312336183769	1.819937387866	0.918222922698	1.624290235746	1.722495942164	1.378286351088	1.333277377495	1.604090626309	1.974248824091	2.125177703137	1.584602720556	1.923752745930	1.668056193340	1.890233708251	1.871340435425	2.138134188989	1.965999472694	1.241650710720	2.017501542833	1.694421696930	1.513412561337	2.774027858520	1.685698776940	1.789200229015	1.960081166638	2.137073226064	2.229309057802	0.667968618372	1.209791784421	1.808144753768	1.718485178013	1.956742552092	1.001739156747	1.816230009052	2.040971950693	1.813407914809	2.339086259070	1.638680463255	0.827180548709	0.955016865086	1.960092638228	1.749394329442	1.642881816434	2.175332509947	1.949369229186	2.241565353503	0.647190610449	1.563579442876	2.046896916306	2.054605290793	1.824843719000	2.061313663639	0.460529690499	1.297731629514	1.654595453222	0.557331221232	0.586555592614	1.827012596665	1.778644436955	1.850230246772	1.796319114576	0.361779695825	0.557861650084	1.943968996457	2.038292437440	2.457724194129	2.054772951906	2.028556899837	2.697962807469	1.599671116803	1.758661289098	1.698684937247	1.624418192814	0.582801444102	0.621470363258	1.159435724011	2.430422695611	1.809642810893	0.708770272712	2.412069705533	1.847075831679	1.141400758293	1.804769204413
Tip109	1.711673238030	1.307934080718	1.709317085385	1.575822522354	1.195181727925	1.439469558513	1.532276890349	1.468799939417	2.008051862281	1.477106925572	1.359377516517	1.724577120943	0.000000000000	1.230791541893	1.740985465431	0.540675185565	1.834394229735	2.055271319550	2.083234104263	0.559472198873	1.842233630083	1.561931372312	1.372733775599	1.648474307049	1.259501590331	1.693552603700	1.237662142547	1.331612237624	1.195498948545	0.514523739634	1.657991298227	1.567719953336	1.114064124294	1.503253347645	1.136976559319	1.216992468733	1.124444226648	1.463007209377	1.832662177823	1.271496055993	1.246945152365	1.470324631657	1.070938267560	1.518534741763	1.210227107190	1.909816506274	1.417417710372	1.302170497696	1.221770558251	1.319976264669	0.535187507305	1.148893040389	0.507872611392	1.571729146597	1.722658025643	1.182083043062	1.521233068436	1.265536515845	1.487714030757	1.468820757930	1.735614511495	1.563479795199	0.746795415787	1.614981865339	1.291902019435	1.110892883842	2.371508181025	1.283179099445	1.386680551521	1.557561489144	1.734553548570	1.826789380308	1.574796559838	2.116619725887	1.405625076273	1.315965500519	1.554222874597	1.385686731746	0.754158817209	1.638452273198	1.410888237315	1.936566581576	1.236160785760	1.734008490175	1.338964440085	1.557572960733	1.346874651947	1.240362138939	1.772812832452	1.546849551691	1.839045676008	1.554018551915	1.161059765382	1.644377238811	1.652085613298	1.422324041506	1.658793986145	1.367357631965	1.681679204512	1.252075775728	1.726924748226	1.493383534080	0.764941404822	1.376124759460	1.447710569278	1.393799437082	1.375191196758	1.464689591550	1.541449318963	1.635772759945	2.055204516635	1.652253274412	1.626037222343	2.295443129974	0.167387763946	1.356141611604	1.296165259752	1.221898515319	1.489629385567	1.528298304723	0.664580429079	2.027903018117	1.407123133398	1.615598214178	2.009550028039	1.444556154185	0.957016421187	1.402249526919
Tip11	1.354326724547	0.917711560792	1.351970571901	1.218476008870	0.073276334228	1.348203656957	1.174930376865	1.078577419491	1.650705348798	1.385841024016	1.002031003034	1.633311219387	1.230791541893	0.000000000000	1.649719563875	1.143107621431	1.743128328179	1.964005417994	1.725887590779	1.161904634740	1.750967728527	1.171708852386	0.982511255673	1.291127793566	0.902155076848	1.602286702144	0.880315629063	0.974265724140	0.838152435061	0.863837004367	1.300644784743	1.210373439853	0.756717610810	1.145906834161	0.779630045836	1.125726567177	0.767097713164	1.371741307821	1.442439657897	0.914149542510	0.889598638882	1.112978118174	0.549712880503	1.427268840207	0.689001720133	1.552469992791	1.060071196888	1.210904596140	0.864424044768	0.962629751186	0.884500772038	1.057627138833	1.110305047259	1.214382633114	1.332435505717	0.824736529578	1.163886554952	0.219668015574	1.097491510831	1.111474244447	1.378267998011	1.206133281716	0.747865131669	1.257635351855	0.901679499510	0.720670363917	2.014161667542	0.925832585962	1.029334038037	1.200214975660	1.344331028644	1.469442866824	1.483530658282	2.025353824331	1.015402556348	0.958618987036	1.196876361114	1.294420830190	1.322444430001	1.281105759715	1.053541723831	1.579220068093	0.714935398703	1.642742588619	1.247698538529	1.200226447250	0.989528138464	0.883015625456	1.382590312527	1.189503038208	1.481699162525	1.462752650359	0.115191265110	1.287030725328	1.294739099815	1.064977528023	1.268571466219	1.276091730409	1.590413302957	0.894729262244	1.635658846670	1.402117632524	1.333227017615	1.018778245977	1.057488049352	1.036452923598	1.283925295202	1.373423689994	1.151226799038	1.278426246462	1.697858003151	1.262030754486	1.235814702417	1.938096616491	1.105885537753	0.998795098120	0.938818746269	0.864552001836	1.398363484011	1.437032403167	0.665650144961	1.670556504633	1.016900613473	1.524332312622	1.652203514555	1.087209640701	0.865750519631	1.044903013435
Tip110	2.130601260013	1.726862102700	2.128245107367	1.994750544337	1.614109749907	0.549049961536	1.951204912331	1.887727961399	2.426979884264	1.109567695062	1.778305538500	0.834157523966	1.740985465431	1.649719563875	0.000000000000	1.653301544970	0.903578190440	1.124455280255	2.502162126245	1.672098558278	0.951814033105	1.980859394294	1.791661797581	2.067402329032	1.678429612314	0.803133006723	1.656590164529	1.750540259606	1.614426970528	1.374030927905	2.076919320209	1.986647975319	1.532992146276	1.922181369627	1.555904581302	0.849453238222	1.543372248630	0.572587612400	2.251590199805	1.690424077976	1.665873174348	1.889252653640	1.489866289543	1.150995511253	1.629155129173	2.328744528257	1.836345732354	0.934631267186	1.640698580234	1.738904286652	1.394694695576	1.349685721983	1.620498970797	1.990657168580	2.141586047625	1.601011065045	1.940161090418	1.684464537828	1.906642052739	1.887748779913	2.154542533478	1.982407817182	1.258059055208	2.033909887321	1.710830041418	1.529820905825	2.790436203008	1.702107121428	1.805608573503	1.976489511126	2.153481570552	2.245717402291	0.303660720383	1.185803686592	1.824553098256	1.734893522502	1.973150896580	1.018147501235	1.832638353540	2.057380295181	1.829816259297	2.355494603559	1.655088807743	0.803192450880	0.971425209574	1.976500982716	1.765802673930	1.659290160922	2.191740854435	1.965777573674	2.257973697991	0.623202512620	1.579987787364	2.063305260794	2.071013635281	1.841252063489	2.077722008127	0.407471516084	1.314139974002	1.671003797710	0.836505151248	0.562567494785	1.843420941154	1.795052781443	1.866638591260	1.812727459064	0.484771599781	0.533873552255	1.960377340946	2.054700781928	2.474132538617	2.071181296394	2.044965244325	2.714371151957	1.616079461291	1.775069633586	1.715093281735	1.640826537302	0.518232552857	0.556901472013	1.175844068499	2.446831040099	1.826051155381	0.684782174883	2.428478050021	1.863484176167	1.157809102781	1.821177548902
Tip111	1.623989317569	1.220250160256	1.621633164923	1.488138601893	1.107497807463	1.351785638052	1.444592969887	1.381116018956	1.920367941820	1.389423005110	1.271693596056	1.636893200482	0.540675185565	1.143107621431	1.653301544970	0.000000000000	1.746710309274	1.967587399088	1.995550183801	0.356643235785	1.754549709622	1.474247451850	1.285049855137	1.560790386588	1.171817669870	1.605868683239	1.149978222085	1.243928317163	1.107815028084	0.426839819172	1.570307377765	1.480036032875	1.026380203832	1.415569427183	1.049292638858	1.129308548271	1.036760306186	1.375323288916	1.744978257361	1.183812135532	1.159261231904	1.382640711196	0.983254347099	1.430850821302	1.122543186729	1.822132585813	1.329733789910	1.214486577235	1.134086637790	1.232292344208	0.447503586843	1.061209119928	0.305043648304	1.484045226136	1.634974105181	1.094399122601	1.433549147974	1.177852595384	1.400030110295	1.381136837469	1.647930591034	1.475795874738	0.659111495326	1.527297944877	1.204218098974	1.023208963381	2.283824260564	1.195495178984	1.298996631059	1.469877568682	1.646869628108	1.739105459847	1.487112639377	2.028935805426	1.317941155812	1.228281580058	1.466538954136	1.298002811284	0.666474896747	1.550768352737	1.323204316853	1.848882661115	1.148476865299	1.646324569713	1.251280519623	1.469889040272	1.259190731486	1.152678218478	1.685128911991	1.459165631230	1.751361755547	1.466334631454	1.073375844920	1.556693318350	1.564401692837	1.334640121045	1.571110065683	1.279673711504	1.593995284051	1.164391855266	1.639240827764	1.405699613618	0.677257484361	1.288440838999	1.360026648816	1.306115516620	1.287507276297	1.377005671088	1.453765398502	1.548088839484	1.967520596173	1.564569353950	1.538353301881	2.207759209513	0.415769181425	1.268457691142	1.208481339291	1.134214594858	1.401945465106	1.440614384262	0.576896508618	1.940219097655	1.319439212937	1.527914293716	1.921866107577	1.356872233723	0.869332500726	1.314565606458
Tip112	2.224010024316	1.820270867004	2.221653871671	2.088159308640	1.707518514211	0.642458725839	2.044613676635	1.981136725703	2.520388648568	1.202976459365	1.871714302803	0.927566288269	1.834394229735	1.743128328179	0.903578190440	1.746710309274	0.000000000000	0.664740881739	2.595570890549	1.765507322582	1.045222797409	2.074268158598	1.885070561885	2.160811093336	1.771838376618	0.896541771026	1.749998928833	1.843949023910	1.707835734831	1.467439692209	2.170328084513	2.080056739623	1.626400910580	2.015590133931	1.649313345605	0.942862002526	1.636781012934	0.665996376704	2.344998964109	1.783832842280	1.759281938652	1.982661417943	1.583275053847	1.244404275557	1.722563893477	2.422153292561	1.929754496658	1.028040031490	1.734107344538	1.832313050956	1.488103459880	1.443094486287	1.713907735101	2.084065932883	2.234994811929	1.694419829348	2.033569854722	1.777873302132	2.000050817043	1.981157544217	2.247951297781	2.075816581486	1.351467819512	2.127318651625	1.804238805722	1.623229670129	2.883844967312	1.795515885732	1.899017337807	2.069898275430	2.246890334856	2.339126166594	0.737389284847	0.726089288076	1.917961862560	1.828302286806	2.066559660884	1.111556265539	1.926047117844	2.150789059485	1.923225023601	2.448903367863	1.748497572047	0.793434710922	1.064833973878	2.069909747020	1.859211438234	1.752698925226	2.285149618739	2.059186337978	2.351382462295	0.613444772662	1.673396551668	2.156714025098	2.164422399585	1.934660827792	2.171130772431	0.529950356974	1.407548738306	1.764412562014	0.929913915552	0.552809754827	1.936829705457	1.888461545747	1.960047355564	1.906136223368	0.578180364084	0.468646896358	2.053786105249	2.148109546232	2.567541302921	2.164590060698	2.138374008629	2.807779916261	1.709488225595	1.868478397890	1.808502046039	1.734235301606	0.652222110576	0.690891029732	1.269252832803	2.540239804403	1.919459919685	0.257278905142	2.521886814325	1.956892940471	1.251217867085	1.914586313205
Tip113	2.444887114131	2.041147956819	2.442530961485	2.309036398455	1.928395604026	0.863335815654	2.265490766450	2.202013815518	2.741265738382	1.423853549180	2.092591392618	1.148443378084	2.055271319550	1.964005417994	1.124455280255	1.967587399088	0.664740881739	0.000000000000	2.816447980363	1.986384412396	1.266099887224	2.295145248413	2.105947651700	2.381688183150	1.992715466432	1.117418860841	1.970876018647	2.064826113725	1.928712824646	1.688316782024	2.391205174328	2.300933829437	1.847278000394	2.236467223745	1.870190435420	1.163739092341	1.857658102748	0.886873466518	2.565876053923	2.004709932094	1.980159028466	2.203538507758	1.804152143661	1.465281365371	1.943440983291	2.643030382375	2.150631586472	1.248917121304	1.954984434352	2.053190140770	1.708980549694	1.663971576101	1.934784824916	2.304943022698	2.455871901744	1.915296919163	2.254446944537	1.998750391946	2.220927906858	2.202034634031	2.468828387596	2.296693671300	1.572344909326	2.348195741439	2.025115895536	1.844106759943	3.104722057126	2.016392975546	2.119894427622	2.290775365244	2.467767424671	2.560003256409	0.958266374661	0.656808262950	2.138838952374	2.049179376620	2.287436750698	1.332433355354	2.146924207658	2.371666149299	2.144102113415	2.669780457677	1.969374661861	1.014311800736	1.285711063693	2.290786836834	2.080088528048	1.973576015040	2.506026708553	2.280063427792	2.572259552109	0.834321862476	1.894273641482	2.377591114912	2.385299489399	2.155537917607	2.392007862246	0.750827446788	1.628425828120	1.985289651828	1.150791005366	0.773686844641	2.157706795272	2.109338635561	2.180924445378	2.127013313182	0.799057453899	0.689523986173	2.274663195064	2.368986636046	2.788418392736	2.385467150512	2.359251098443	3.028657006075	1.930365315410	2.089355487705	2.029379135853	1.955112391420	0.873099200391	0.911768119547	1.490129922618	2.761116894217	2.140337009499	0.478155994956	2.742763904139	2.177770030285	1.472094956899	2.135463403020
Tip114	1.108036799961	1.803030129604	1.041808051459	1.524286705953	1.690277776811	2.200646219327	1.480741073947	1.963895988303	1.956516045880	2.238283586386	1.307841700116	2.485753781757	2.083234104263	1.725887590779	2.502162126245	1.995550183801	2.595570890549	2.816447980363	0.000000000000	2.014347197109	2.603410290897	2.057027421198	1.867829824485	1.596938490648	1.207965773930	2.454729264514	1.186126326145	1.491510316364	1.355397027285	1.716279566737	1.606455481825	0.964083515268	1.273962203033	0.899616909576	1.085440742918	1.978169129546	1.284342305387	2.224183870191	2.327758226709	1.431394134733	1.406843231105	1.418788815256	1.566034316447	2.279711402577	1.705323156077	0.838932273765	1.365881893970	2.063347158510	1.381668636991	1.479874343409	1.736943334407	1.910069701203	1.962747609629	0.904220112671	2.217754074529	1.341981121802	0.693399142204	1.760632564732	1.982810079643	1.417284941529	0.535899165003	0.959843357131	1.600307694039	1.563446048937	1.786998068321	1.605988932729	0.340956675281	1.443077178185	1.546578630260	1.717459567883	2.229649597456	0.755905147799	2.335973220652	2.877796386701	1.900721125160	1.475863579259	0.886713840672	2.146863392560	2.174886992371	1.798350351938	1.359352420913	1.885030765175	1.731256834647	2.495185150988	2.100141100898	1.506037144332	1.295338835546	1.400260217679	2.267908881339	1.495313735290	0.285091245098	2.315195212729	1.656155814268	1.592841422410	1.600549796897	1.370788225105	2.153890035031	2.128534292779	2.442855865326	1.411973854467	2.488101409039	2.254560194893	2.185669579985	1.536022838200	1.942806618164	1.553697515821	2.136367857572	2.225866252364	2.036545367849	1.584236943544	0.984320284125	2.147349323298	2.121133271229	0.435088876655	1.958328100123	1.304605795202	1.456063338492	1.381796594059	2.250806046381	2.289474965537	1.518092707331	0.139035485490	1.902219182284	2.376774874992	0.938665795529	0.777047120259	1.718193082001	1.562147605659
Tip115	1.642786330877	1.239047173565	1.640430178231	1.506935615201	1.126294820772	1.370582651360	1.463389983196	1.399913032264	1.939164955128	1.408220018419	1.290490609364	1.655690213790	0.559472198873	1.161904634740	1.672098558278	0.356643235785	1.765507322582	1.986384412396	2.014347197109	0.000000000000	1.773346722930	1.493044465159	1.303846868446	1.579587399896	1.190614683178	1.624665696547	1.168775235393	1.262725330471	1.126612041392	0.445636832480	1.589104391073	1.498833046183	1.045177217140	1.434366440491	1.068089652166	1.148105561579	1.055557319494	1.394120302224	1.763775270669	1.202609148840	1.178058245212	1.401437724504	1.002051360407	1.449647834610	1.141340200037	1.840929599121	1.348530803218	1.233283590543	1.152883651098	1.251089357516	0.466300600151	1.080006133236	0.100983297391	1.502842239444	1.653771118489	1.113196135909	1.452346161283	1.196649608692	1.418827123604	1.399933850777	1.666727604342	1.494592888046	0.677908508634	1.546094958185	1.223015112282	1.042005976689	2.302621273872	1.214292192292	1.317793644368	1.488674581990	1.665666641417	1.757902473155	1.505909652685	2.047732818734	1.336738169120	1.247078593366	1.485335967444	1.316799824592	0.685271910056	1.569565366045	1.342001330161	1.867679674423	1.167273878607	1.665121583021	1.270077532931	1.488686053580	1.277987744794	1.171475231786	1.703925925299	1.477962644538	1.770158768855	1.485131644762	1.092172858228	1.575490331658	1.583198706145	1.353437134353	1.589907078992	1.298470724812	1.612792297359	1.183188868574	1.658037841072	1.424496626926	0.696054497669	1.307237852307	1.378823662124	1.324912529928	1.306304289605	1.395802684397	1.472562411810	1.566885852792	1.986317609482	1.583366367258	1.557150315189	2.226556222821	0.434566194733	1.287254704451	1.227278352599	1.153011608166	1.420742478414	1.459411397570	0.595693521926	1.959016110963	1.338236226245	1.546711307025	1.940663120885	1.375669247031	0.888129514034	1.333362619766
